pt_l1_min pt_l1_max pt_l2_min pt_l2_max  SF    error
20.0        40.0       20.0      40.0   0.980  0.009
20.0        40.0       40.0      70.0   0.979  0.010
20.0        40.0       70.0     100.0   0.960  0.017
40.0        70.0       20.0      40.0   0.988  0.008
40.0        70.0       40.0      70.0   0.985  0.009
40.0        70.0       70.0     100.0   0.953  0.015
70.0       100.0       20.0      40.0   0.991  0.010
70.0       100.0       40.0      70.0   0.988  0.011
70.0       100.0       70.0     100.0   1.006  0.017
