pt_l1_min pt_l1_max pt_l2_min pt_l2_max  SF    error
20.0        40.0       20.0      40.0   0.929  0.023
20.0        40.0       40.0      70.0   0.935  0.020
20.0        40.0       70.0     100.0   0.947  0.030
40.0        70.0       20.0      40.0   0.937  0.019
40.0        70.0       40.0      70.0   0.909  0.022
40.0        70.0       70.0     100.0   0.972  0.019
70.0       100.0       20.0      40.0   0.945  0.022
70.0       100.0       40.0      70.0   0.940  0.026
70.0       100.0       70.0     100.0	0.871  0.060
