[70.9158706665039,
 70.7425765991211,
 71.18458557128906,
 71.42628479003906,
 71.11561584472656,
 71.08643341064453,
 70.37889862060547,
 70.27057647705078,
 71.30561065673828,
 71.279052734375,
 70.77267456054688,
 71.0650405883789,
 70.46025085449219,
 70.21817779541016,
 70.82044982910156,
 70.76797485351562,
 71.42833709716797,
 70.89430236816406,
 70.95501708984375,
 71.18383026123047,
 70.90145874023438,
 70.69212341308594,
 69.94076538085938,
 70.67698669433594,
 70.97720336914062,
 70.99012756347656,
 71.25848388671875,
 70.58003997802734,
 70.95932006835938,
 71.09066009521484,
 71.82987976074219,
 70.98086547851562,
 71.07275390625,
 70.92581939697266,
 70.99832153320312,
 70.28278350830078,
 71.26426696777344,
 70.42194366455078,
 71.04886627197266,
 70.30107879638672,
 71.04683685302734,
 71.4141616821289,
 70.66740417480469,
 70.9495849609375,
 71.30206298828125,
 71.265869140625,
 70.67974090576172,
 70.6463851928711,
 71.13311004638672,
 70.52523040771484,
 70.95123291015625,
 71.55776977539062,
 71.26519012451172,
 71.95281982421875,
 71.47560119628906,
 70.2547607421875,
 70.66799926757812,
 70.05196380615234,
 70.82997131347656,
 71.56358337402344,
 71.40706634521484,
 70.99080657958984,
 71.57904815673828,
 70.62344360351562,
 71.01917266845703,
 71.01145935058594,
 70.94200134277344,
 71.01040649414062,
 70.59687042236328,
 71.03839874267578,
 70.9820785522461,
 70.94274139404297,
 70.80619812011719,
 71.4915771484375,
 71.20158386230469,
 70.95568084716797,
 70.38226318359375,
 71.30353546142578,
 71.24503326416016,
 71.01979064941406,
 71.61685943603516,
 71.13243103027344,
 71.03724670410156,
 70.8796615600586,
 70.69483947753906,
 71.61367797851562,
 70.35537719726562,
 71.0058364868164,
 71.0828628540039,
 70.90467071533203,
 70.93756866455078,
 70.86570739746094,
 71.48465728759766,
 70.76729583740234,
 71.49504089355469,
 71.51739501953125,
 70.92170715332031,
 71.05436706542969,
 70.69684600830078,
 71.0496597290039]
Moment 1 toys: 70.973295 += 0.381543
Elapsed time ([h:]m:s)  42:50.09

